1.075141849642043818e-02
8.766482547484570620e-03
8.196684250155301943e-03
8.718552898463495515e-03
7.540580655047438886e-03
8.706462416654374079e-03
7.663653760217502969e-03
7.357860061442521998e-03
8.494793744943052172e-03
7.782371376096158290e-03
7.327001207874331984e-03
7.160186776807727325e-03
7.435168914225233523e-03
7.129981322416292094e-03
7.979542483332506889e-03
7.905286047775499786e-03
8.461377081803648018e-03
6.763614560711747256e-03
6.687451572695791470e-03
6.671832218914080376e-03
6.684352304827223534e-03
7.289742377998893567e-03
7.189530872016429951e-03
6.530906251625839473e-03
7.559615154350099106e-03
7.215534384601858184e-03
6.191691203965689859e-03
6.452037196098842770e-03
6.181732310428945248e-03
6.673654052910323042e-03
5.774242125211480683e-03
6.421133644626782384e-03
6.426115340232432110e-03
8.404723563680169610e-03
8.245394168302999649e-03
6.476052827420119770e-03
6.230049895966961737e-03
7.661383134352848200e-03
6.131705328560554079e-03
5.828906569622261703e-03
5.763429462050318614e-03
6.343983310829705811e-03
6.169553487559943303e-03
6.228001502079435689e-03
5.755568776372883485e-03
7.471560093889771312e-03
5.869535855747463719e-03
6.814121436491886279e-03
5.525400567546350818e-03
6.548839597766633810e-03
6.079313933267629227e-03
5.420653534114367421e-03
5.944292570864783722e-03
5.365205180841508062e-03
5.928763188907800082e-03
5.260634229789158331e-03
6.185030729567162107e-03
6.860153154974947716e-03
5.634097168458678667e-03
5.838587371394396257e-03
5.576778080009116637e-03
5.741906723306442265e-03
5.856768177195760712e-03
5.264564604804300614e-03
5.464620260997219391e-03
5.859216650894102062e-03
5.770348642701359811e-03
6.631290275755277741e-03
6.092487783476856905e-03
5.540826707145557820e-03
6.114567278489402118e-03
5.523347588021527803e-03
6.338842548992020161e-03
6.281923908930225377e-03
5.939184686634786485e-03
5.624552683808449645e-03
6.334957852257406576e-03
6.235752100238431926e-03
5.706151636655893387e-03
5.916200806069006612e-03
5.884074852016211478e-03
7.315818324132067514e-03
5.490529657077447209e-03
5.725818535944919227e-03
5.668287062035309333e-03
5.930215688128147311e-03
6.026852343857319431e-03
5.882259468148442680e-03
5.620303733837107504e-03
6.420373639971285219e-03
5.217768219766183782e-03
6.099003379314909754e-03
5.591963911544282038e-03
5.062756937549151882e-03
5.625157837528655357e-03
5.445631598384945149e-03
5.842784680195520740e-03
5.870969255079411774e-03
5.590444960754482016e-03
5.375296253963839435e-03
5.252830132337884574e-03
5.160589408967293339e-03
5.808273237966468661e-03
5.316573332965137018e-03
5.839064264019223731e-03
5.904455082560623562e-03
5.891391979731828814e-03
5.551720509240967542e-03
5.831683526870767333e-03
5.458927269897374986e-03
5.502601031378001953e-03
5.439987716617336079e-03
6.564627354901243772e-03
5.945962455694390157e-03
5.825655484981458535e-03
5.730618935443158521e-03
5.529980270710926210e-03
5.397468489194418365e-03
5.484201973955149349e-03
6.029988361901199127e-03
9.207014446602263327e-03
7.139747182856195570e-03
6.383993653017312232e-03
6.919401797883250292e-03
5.453206909286996765e-03
5.597659180724916424e-03
5.263781721698781828e-03
5.599943044111847443e-03
5.046033634449458363e-03
5.283972509085718521e-03
6.565381073711930998e-03
5.690355815568723906e-03
5.972704247613339242e-03
5.270592725813160601e-03
5.945399075549169868e-03
6.301879365028795199e-03
5.430017183157106325e-03
5.554946972702191205e-03
5.613932317895417752e-03
5.376914385441929241e-03
5.123670508766389568e-03
5.358923127209487547e-03
7.182083253459739004e-03
5.982509187489388168e-03
5.526883356061604476e-03
5.307984092032487500e-03
5.480718094448751646e-03
5.371899089989020867e-03
5.301342622076056152e-03
5.626868042989968503e-03
7.063503342618289264e-03
5.784479539939380889e-03
6.485787800877970515e-03
5.573284531601703159e-03
5.973433283821656496e-03
5.240658181113166600e-03
6.246691909179796082e-03
6.717915869845643081e-03
5.533727484705541766e-03
5.377423797102002558e-03
5.976065694657050655e-03
5.803932874948644280e-03
5.514733575771075744e-03
5.306911498896830191e-03
5.317227936894599986e-03
5.430874101168063108e-03
5.096311095004128766e-03
6.087875476326986071e-03
5.528759839732892874e-03
5.207237538592013847e-03
6.128342598523891203e-03
5.653016595186242596e-03
5.849042576223199841e-03
6.053561570898026607e-03
6.210660861980154580e-03
6.200279741926605602e-03
6.713652677640829375e-03
6.778089476281610667e-03
5.787368476092616919e-03
5.313593704113849826e-03
6.498872287252435535e-03
6.109563745707439521e-03
5.937698869101604854e-03
7.715392385719019828e-03
5.642931682940044262e-03
5.764236852071374234e-03
5.897433080483991535e-03
5.786376875948704389e-03
6.235118362960657620e-03
5.639490954710561950e-03
5.879938658664870393e-03
5.745874661230271699e-03
6.423747097154341480e-03
6.288706915699988735e-03
6.233689838767006962e-03
6.642155527908323240e-03
5.448426786718164709e-03
7.595332516156006603e-03
5.748059216812341325e-03
6.476792132623600783e-03
6.674580872269152143e-03
6.389883469584322663e-03
7.451845557967487661e-03
8.448587572128933229e-03
6.106171600865747430e-03
6.946186370633817067e-03
6.441217847792839353e-03
6.188127764322016999e-03
6.179840823712727180e-03
7.837434367098796567e-03
7.380494619676567468e-03
6.458966527283289960e-03
8.457435541680081992e-03
6.606824764114206661e-03
6.259238528129253305e-03
6.244634127854523618e-03
6.256953140524735071e-03
6.978664725971210972e-03
6.406404105643007454e-03
6.781382561538255860e-03
6.384407748925191757e-03
7.431928370812932415e-03
7.541172221969243833e-03
6.901140244783756685e-03
7.112376341592400314e-03
6.738072942749450019e-03
6.311560498894336346e-03
7.313105178153248530e-03
7.106216095290884827e-03
6.554559744169531285e-03
6.593392506184933381e-03
6.991643588574133518e-03
6.765089857113675345e-03
6.622967978096062046e-03
7.118362746821183494e-03
6.800588864246073784e-03
7.734431302765359603e-03
6.792085612132992521e-03
8.017206185813351496e-03
7.527448778117695229e-03
8.217075716981735167e-03
7.963430132965101244e-03
8.044512678979045053e-03
7.947555807544090870e-03
1.092681824370503318e-02
7.859909525875089994e-03
9.006927481116014725e-03
9.409666252475820322e-03
8.553116974888318874e-03
1.182711449794606427e-02
