4.700485423970763785e-03
4.601877023934573818e-03
4.506317307781994470e-03
4.543926208880868546e-03
4.423467309466388650e-03
4.523652173827028694e-03
4.448175460692258172e-03
4.420586645450078588e-03
4.444098628518266571e-03
4.392507140247810249e-03
4.369258714432599881e-03
4.326355916449680511e-03
4.319799020615753930e-03
4.351385538888609232e-03
4.381275420280124518e-03
4.368945126825709603e-03
4.380317073627001956e-03
4.304214430731159724e-03
4.190603777274105532e-03
4.247913399790291880e-03
4.191149167833914217e-03
4.221962010087221100e-03
4.184891494970683842e-03
4.197435431929115966e-03
4.212583929548109271e-03
4.182931347904839461e-03
4.116042770583095908e-03
4.056847940319125226e-03
4.042202488488683479e-03
4.111215790868909085e-03
4.061155497119605350e-03
4.045387637021975215e-03
4.054748764466889477e-03
4.119568319230339747e-03
4.067996853925649747e-03
4.016125982428632966e-03
4.005742189934699549e-03
4.049484180951915674e-03
3.997290370698735294e-03
3.997474782969805303e-03
4.009366217318719762e-03
4.084609579662527509e-03
4.050684968960389064e-03
4.067061336346603634e-03
4.043037900913573103e-03
4.038906395976038510e-03
3.981438864161497906e-03
4.005195020807553186e-03
3.945912381196300424e-03
4.021958191301202266e-03
3.971075897315456439e-03
3.896073896857919425e-03
3.831587981044454021e-03
3.884713184840374919e-03
3.902133843802835667e-03
3.872377624604859785e-03
3.924153859524386230e-03
3.989877700837136769e-03
3.854844578166525138e-03
3.816712894265689160e-03
3.842302252274727280e-03
3.890878854555985394e-03
3.863176539701990413e-03
3.882617420912500266e-03
3.870531051466673342e-03
3.921001490484811967e-03
3.864605945321781914e-03
3.883924408634880244e-03
3.906726777496644445e-03
3.904255052905730716e-03
3.955384705458104416e-03
3.832088557023869725e-03
3.905768854207977356e-03
3.868987556115420154e-03
3.871294641813102181e-03
3.880618163932981080e-03
3.906801718070593114e-03
3.881513936182764621e-03
3.860393847479381101e-03
3.847778985062100515e-03
3.904122474410033281e-03
3.964288067574206487e-03
3.869699734845515049e-03
3.902607561383384435e-03
3.827169639241562952e-03
3.867633927603808964e-03
3.841234718995947643e-03
3.769984445922158669e-03
3.813988352845254677e-03
3.854680303236161960e-03
3.782472086380773025e-03
3.858510677876567270e-03
3.771881437121145202e-03
3.742519676134399044e-03
3.837756283176263581e-03
3.789192961347534385e-03
3.859314317580216005e-03
3.803060674738947475e-03
3.774073270150235266e-03
3.737211528466844769e-03
3.726181699044077682e-03
3.714168247381420800e-03
3.860168315282697712e-03
3.830885660945562623e-03
3.826587074106412197e-03
3.867505063457244048e-03
3.789047677521891269e-03
3.787242607925098408e-03
3.770512767930841481e-03
3.779126171701195636e-03
3.801576440770312263e-03
3.821807679485317386e-03
3.842309701563814770e-03
3.781547077883716523e-03
3.798450963194992171e-03
3.794254660230543356e-03
3.770038552872979030e-03
3.794448623935127701e-03
3.788278212159962299e-03
3.851334664545670323e-03
3.900505461312562226e-03
3.835907637108079780e-03
3.836332505185917428e-03
3.833747743878861483e-03
3.754117272643307194e-03
3.783855054144258552e-03
3.743703346888600878e-03
3.796811039918094200e-03
3.736064688333858540e-03
3.719946103858937092e-03
3.817105967537892143e-03
3.751035217127933908e-03
3.805959780462400254e-03
3.751816123619269600e-03
3.795026989806762983e-03
3.762623495546284658e-03
3.796031829786824813e-03
3.805742175101437669e-03
3.790227894858863838e-03
3.727306743979492704e-03
3.732923873782818206e-03
3.703851573394096718e-03
3.800218746480623147e-03
3.738519980308204014e-03
3.775509724381294775e-03
3.786353683174726540e-03
3.765016774030508027e-03
3.800566040288032039e-03
3.785306763451248835e-03
3.806863626987119949e-03
3.860732390216170973e-03
3.809845619026296874e-03
3.841279694175455794e-03
3.827759913480774118e-03
3.812533879182238190e-03
3.777853099725853297e-03
3.836330895072122098e-03
3.861292152591825136e-03
3.809189462856154163e-03
3.804716400529727094e-03
3.804439289947965548e-03
3.827321959313483533e-03
3.849028935764308920e-03
3.839709892623246763e-03
3.841823906374409407e-03
3.788151287799519911e-03
3.802346659730214320e-03
3.839135778429785071e-03
3.810653350527604556e-03
3.805714916283938886e-03
3.875170874329766837e-03
3.870826559287486937e-03
3.901109959996902545e-03
3.915646200847709181e-03
3.927764451350325425e-03
3.890123962962452504e-03
3.907200631179981974e-03
3.899998838548962479e-03
3.846335818478335226e-03
3.844056914004966973e-03
3.929390415066192840e-03
3.950660475647334823e-03
3.910153640981248527e-03
3.998635810413016592e-03
3.897973876037180187e-03
3.884803459553798702e-03
3.906382524037436618e-03
3.913538367358576110e-03
3.915764592011811498e-03
3.905757403451765204e-03
3.919588531054693167e-03
3.902295862954069817e-03
3.962694351659342383e-03
3.971919004257777261e-03
3.946609528579726224e-03
3.911030316970001697e-03
3.897929485932729449e-03
3.983389375831802685e-03
3.907063240549521824e-03
3.980992905467561210e-03
3.996289807123261546e-03
3.974627654926160721e-03
4.018919089001331615e-03
3.969046483485556658e-03
4.008187991389817323e-03
4.103596152200489344e-03
4.057766882242918455e-03
4.046002925285863486e-03
4.051237428615789629e-03
4.105188637166730034e-03
4.099932366985237046e-03
4.061628863936248349e-03
4.170462951514008858e-03
4.161629590663028060e-03
4.113311061333412878e-03
4.081064407056451612e-03
4.134119761751224066e-03
4.148509505486395674e-03
4.136873293547753926e-03
4.175455492099099108e-03
4.151404933054513892e-03
4.176857248837036879e-03
4.172132024758351022e-03
4.164934990754077214e-03
4.185066759805224253e-03
4.201735289554683894e-03
4.207738569255183719e-03
4.229525629783578190e-03
4.228683341107587063e-03
4.137583090856271524e-03
4.198405504266987213e-03
4.233440824846139081e-03
4.229535284220586715e-03
4.200217558611643934e-03
4.221650850925422541e-03
4.193669783674467029e-03
4.319453266882787579e-03
4.263431654141178542e-03
4.357371985215388079e-03
4.307245921332571344e-03
4.353891599522297616e-03
4.391826085337708838e-03
4.461587244945425419e-03
4.386026987542807412e-03
4.528166410925866386e-03
4.437149841965225446e-03
4.550452677932622335e-03
4.575612417459677672e-03
4.608674223992608419e-03
4.808373708551532885e-03
